14,7,25,3,6,13,31,8,24,23,14,31,32,31,24,10,30,15,0,12,11,23,36,20,11,7,18,20,5,13,23,26,26,22,6,21,20,29,12,9,10,20,26,28,25,36,4,30,14,4,7,13,11,14,13,36,0,21,28,32,14,3,26,11,1,16,3,31,34,27,19,32,21,14,25,27,12,21,30,30,21,4,29,17,14,8,20,27,25,10,6,12,9,7,35,33,26,9,7,23,
5,5,35,8,25,18,8,13,34,26,15,12,1,20,24,17,17,6,2,10,7,35,25,22,13,8,30,4,8,29,12,23,29,26,36,26,31,17,18,5,17,7,32,25,27,2,35,16,16,25,17,9,28,4,9,16,8,19,35,29,34,6,27,28,22,35,12,18,3,35,15,13,8,10,3,25,4,2,19,12,21,26,1,12,3,35,18,29,0,27,26,0,4,8,34,32,4,4,29,15,
18,15,15,14,16,36,23,35,8,7,35,21,10,35,22,4,17,12,16,36,5,25,2,34,12,2,20,18,11,25,7,9,20,15,18,35,1,15,27,29,1,36,18,4,36,14,22,20,15,2,32,12,18,15,33,18,35,33,19,0,33,1,26,35,24,35,17,35,0,24,25,3,8,34,15,23,16,34,17,12,10,17,18,1,17,17,9,19,36,9,22,2,20,7,6,13,5,2,15,9,
25,15,10,16,5,21,22,3,5,20,8,24,12,5,25,36,25,21,5,0,3,4,36,3,19,3,36,3,10,33,18,35,13,19,23,25,31,4,12,12,3,14,11,13,35,36,14,10,24,9,12,30,34,28,12,6,16,28,36,25,25,27,34,29,9,1,10,22,25,0,13,10,23,15,29,1,5,17,6,26,32,4,23,15,23,15,32,8,19,7,25,0,36,14,9,27,26,13,14,30,
33,1,10,35,28,1,19,24,12,10,26,17,1,35,8,34,28,15,33,12,26,1,29,31,19,36,33,1,17,24,12,4,20,16,3,2,24,7,36,12,7,32,12,12,21,17,13,20,9,19,20,11,15,30,33,30,26,27,32,11,13,23,17,28,27,17,34,27,6,21,32,10,4,29,34,32,20,1,10,2,25,24,19,20,13,9,17,19,9,7,26,36,9,10,7,9,36,2,9,19,
2,3,16,3,19,24,5,2,15,26,14,27,35,18,21,9,18,32,2,36,28,20,35,35,7,12,8,11,36,28,2,20,34,24,26,10,25,36,24,0,20,24,21,10,0,30,25,25,20,1,31,7,23,17,15,21,27,17,6,1,16,2,22,4,35,9,4,2,26,25,33,0,25,21,1,11,34,24,35,31,19,30,8,1,9,27,2,27,24,6,8,16,13,28,2,12,14,0,14,12,
29,13,33,35,23,22,3,30,5,0,17,7,15,23,36,17,8,27,1,14,32,19,11,2,13,28,24,6,23,33,22,35,24,14,15,26,13,14,12,5,7,24,16,36,20,24,12,34,5,20,31,2,17,19,14,33,17,36,1,24,14,14,18,10,14,20,13,2,10,13,4,33,10,8,29,16,26,31,19,31,11,30,33,0,10,15,30,28,33,21,28,14,6,14,8,32,13,30,14,24,
27,10,5,11,19,19,27,16,29,35,18,24,34,21,12,5,14,16,14,21,17,16,7,8,1,23,3,21,17,11,29,13,29,4,17,34,6,9,29,14,25,0,33,36,19,14,33,24,3,29,7,5,28,36,19,14,15,4,22,28,24,24,24,30,10,1,19,13,6,25,32,9,10,33,11,31,15,31,11,20,0,28,35,5,0,35,5,19,19,28,35,33,26,18,6,7,36,30,27,12,
36,32,34,2,31,7,25,17,27,2,26,25,21,6,21,7,34,27,3,11,23,22,23,6,5,9,14,8,11,10,36,3,22,35,16,12,24,13,3,3,18,28,19,30,21,3,36,18,33,32,2,5,33,32,2,23,16,7,0,22,35,8,24,32,35,28,17,2,27,2,29,7,32,12,8,5,3,28,2,16,18,26,11,7,11,22,0,17,26,24,19,16,35,14,28,33,12,24,32,32,
2,30,9,27,35,9,35,33,25,30,0,17,36,14,3,19,30,11,23,16,9,26,24,1,35,31,12,11,11,23,23,8,28,35,30,35,20,27,24,10,28,24,32,18,16,2,5,25,35,1,13,25,22,26,35,3,28,20,5,19,26,21,26,4,30,20,13,7,10,25,5,24,7,7,13,5,29,13,21,13,12,22,19,28,30,22,23,28,3,4,19,31,35,2,33,34,32,0,11,0,
0,30,34,0,9,28,29,21,14,5,32,15,31,2,23,32,36,35,29,17,21,32,25,10,24,0,36,22,9,18,27,22,13,0,18,20,30,12,19,17,18,16,11,4,25,19,20,13,29,25,27,17,4,10,34,25,12,31,10,31,15,1,1,18,27,3,32,24,24,33,12,4,14,24,16,22,33,2,9,21,29,26,25,0,10,12,19,34,18,30,12,33,15,15,17,11,11,24,15,0,
4,8,13,33,17,4,33,25,3,4,23,30,16,3,20,24,7,18,17,23,2,25,26,11,33,25,9,2,16,8,25,6,4,28,1,3,26,23,22,24,12,30,20,22,23,7,5,28,21,29,26,33,27,16,15,2,36,30,29,15,11,25,30,2,5,30,16,26,10,24,35,28,18,30,8,5,17,12,21,13,30,34,20,18,34,18,5,36,29,16,2,14,25,34,36,36,27,1,29,29,
22,15,15,19,20,11,33,10,11,16,28,3,28,3,13,1,28,34,4,7,33,3,15,10,8,28,7,28,7,1,10,28,14,10,15,19,15,10,19,9,32,9,18,22,13,23,15,27,16,8,36,9,10,20,20,25,25,2,8,10,13,13,3,8,6,27,11,14,31,35,3,6,32,14,16,0,23,4,4,2,26,36,34,35,10,17,27,2,22,7,36,33,29,27,23,31,33,2,31,2,
23,22,27,17,23,4,21,31,2,26,13,34,29,2,10,33,1,9,9,9,6,25,35,25,7,15,9,23,35,29,20,5,7,20,21,21,8,33,30,32,1,25,8,1,10,35,2,1,3,4,6,13,10,1,34,11,6,32,30,10,12,0,25,33,3,11,14,4,19,23,33,23,25,9,35,12,21,12,2,19,2,22,10,36,2,36,3,26,31,31,32,1,35,6,11,34,4,9,29,36,
34,28,17,29,30,25,36,36,13,34,33,30,0,3,13,19,10,33,8,22,12,15,34,18,18,2,21,23,18,10,22,0,34,35,19,3,12,17,18,14,18,22,21,4,15,25,23,32,13,16,7,15,32,18,34,32,7,0,8,21,12,28,14,25,4,28,4,10,22,3,35,16,36,26,6,30,5,14,19,13,16,12,31,20,24,16,5,18,6,9,20,12,11,34,14,2,19,28,0,16,
10,24,4,8,10,25,24,20,36,16,20,26,30,26,28,26,24,5,4,14,25,32,14,12,24,8,19,8,2,26,2,22,16,1,7,31,35,33,10,7,33,1,26,23,15,17,31,25,28,4,1,14,35,20,15,7,14,5,32,24,7,9,16,18,26,7,8,13,14,27,32,9,10,35,28,12,29,31,19,4,8,32,6,8,2,34,30,6,27,9,6,2,4,18,12,20,30,26,25,8,
30,33,22,15,23,1,4,19,9,14,25,31,10,29,30,0,1,0,0,35,31,13,25,13,28,7,32,10,16,24,22,34,28,4,33,18,10,10,26,16,2,4,24,6,36,31,5,34,16,33,27,20,28,2,12,35,17,0,4,28,5,20,17,25,16,32,24,21,21,20,11,10,10,34,15,25,19,35,23,10,34,29,16,20,26,19,3,11,25,35,21,17,29,29,31,20,24,22,27,7,
4,18,34,33,18,8,5,0,18,14,22,20,7,4,27,25,14,15,17,22,32,10,29,13,31,5,35,30,32,35,21,4,17,24,20,22,33,30,36,5,18,13,32,34,10,5,13,17,31,7,16,31,34,18,10,2,12,21,21,21,17,14,4,7,32,31,6,15,32,6,1,30,9,4,0,2,28,20,4,11,14,24,20,4,17,19,19,18,31,12,10,17,9,2,6,12,17,26,1,11,
11,26,21,4,17,36,14,34,25,19,12,19,26,22,10,0,27,16,19,26,26,8,27,30,13,35,24,36,17,25,34,0,27,17,25,18,18,33,35,1,11,31,9,3,19,32,22,20,19,3,11,29,22,8,19,0,11,5,15,28,32,3,8,29,10,4,31,32,29,2,30,36,15,18,1,5,2,22,30,1,16,5,31,14,12,9,32,36,8,14,4,6,10,19,18,22,4,0,3,3,
36,32,16,1,23,10,26,6,9,25,28,17,11,18,10,35,28,9,36,3,16,0,20,31,34,16,3,20,1,21,7,21,30,5,31,6,8,32,20,3,28,24,1,34,4,23,6,33,7,18,13,8,11,3,32,34,2,3,12,17,11,5,5,11,28,18,6,8,34,35,24,28,21,19,25,16,28,20,6,10,32,6,18,1,11,20,19,18,19,21,15,29,32,22,2,34,18,4,19,13,
6,28,26,30,23,3,0,35,18,26,35,14,27,4,29,23,6,1,0,23,22,10,13,28,23,29,35,6,34,22,32,31,18,26,4,21,30,17,28,23,12,11,13,5,14,1,26,14,24,21,6,17,4,18,4,30,4,26,8,22,10,8,18,32,11,17,11,7,5,31,12,10,27,34,23,34,18,24,7,33,8,28,23,15,24,11,7,6,11,13,0,15,18,14,16,31,23,4,8,14,
11,16,18,8,27,5,10,23,7,13,12,18,5,2,17,0,13,22,13,27,28,18,2,29,32,6,12,31,18,24,12,33,9,27,7,11,4,25,28,34,35,2,10,25,29,13,7,20,21,23,20,11,3,32,23,3,1,18,14,11,10,23,19,24,9,2,24,2,30,25,26,34,21,3,15,1,4,34,34,14,2,17,3,32,14,23,31,27,36,1,28,34,11,10,16,36,4,11,28,15,
32,7,13,30,14,26,29,9,22,16,30,5,7,1,11,11,9,34,4,2,21,35,2,0,33,21,7,35,21,32,24,6,7,36,1,1,32,20,26,17,10,12,30,14,28,3,3,11,29,33,36,13,5,13,1,26,20,28,1,13,0,0,19,12,36,21,7,17,17,18,28,34,32,13,18,20,21,25,36,15,4,27,2,20,13,12,30,36,10,3,17,19,19,9,28,5,4,17,16,3,
15,23,32,25,22,18,14,32,25,28,14,17,31,8,12,22,16,6,3,11,13,29,23,18,35,5,14,28,36,30,1,27,8,27,29,28,29,1,13,34,26,3,36,12,2,8,25,25,20,26,20,1,8,10,28,28,21,14,17,33,11,0,13,3,3,25,27,16,3,32,10,8,15,9,19,22,12,26,20,5,14,2,32,30,25,22,5,28,22,33,5,34,23,32,36,2,26,13,12,32,
20,5,1,33,18,6,28,35,6,34,1,1,5,23,24,10,13,8,1,35,9,17,24,1,22,33,22,11,12,24,24,33,17,3,24,0,27,25,28,13,22,26,7,28,22,6,26,36,10,32,6,1,34,15,26,34,31,25,24,35,33,31,33,5,36,2,32,31,11,12,9,30,2,8,14,2,23,11,22,23,35,33,3,18,27,22,0,16,31,32,27,29,27,2,28,9,5,36,24,17,
14,24,17,8,17,29,6,2,25,7,17,20,15,25,8,8,4,29,10,20,12,4,23,17,10,7,19,23,11,33,10,24,34,14,1,21,23,5,12,29,31,17,2,13,27,14,28,24,31,34,7,28,22,11,12,2,0,35,7,5,26,27,18,35,30,10,11,8,33,28,0,30,32,17,34,36,23,29,3,31,9,4,29,20,17,5,19,32,31,5,31,8,4,20,34,4,8,27,26,23,
33,21,10,7,26,21,5,25,19,27,12,2,24,19,5,2,1,36,6,17,21,5,16,9,1,28,31,21,3,6,22,9,32,30,36,23,36,36,35,30,20,14,3,17,5,20,3,11,3,28,16,1,27,36,20,1,34,28,3,18,1,8,4,23,28,7,21,31,2,23,32,7,5,4,23,5,16,20,15,8,20,13,26,30,18,2,23,29,30,31,6,26,17,18,20,29,4,13,20,13,
2,15,34,12,23,12,8,10,5,10,8,13,7,3,5,1,2,27,17,1,3,5,32,5,31,12,23,34,26,19,31,12,13,17,9,17,6,29,20,28,9,8,15,19,24,17,6,32,5,29,28,3,18,4,31,17,12,1,18,9,33,11,24,29,7,3,32,2,36,1,26,26,30,21,27,32,27,11,17,27,26,8,3,20,19,3,22,32,23,4,17,7,27,0,12,35,20,20,25,19,
27,5,5,25,33,33,25,5,29,35,35,32,2,9,1,4,34,3,23,10,36,4,12,25,29,32,29,0,12,7,30,7,7,23,1,29,30,31,0,8,20,30,14,6,3,32,24,28,19,36,34,23,22,10,32,35,36,34,36,1,29,4,6,17,8,28,33,6,22,2,6,29,0,7,30,4,27,3,2,35,9,27,27,16,9,29,22,8,19,27,21,2,3,22,5,11,35,33,12,30,
24,23,15,19,32,7,20,8,33,36,17,11,19,4,12,32,2,6,22,2,21,22,1,23,10,8,26,33,5,13,6,17,30,13,21,4,29,7,9,16,12,25,9,13,25,17,12,22,20,28,34,22,24,0,30,14,15,0,26,25,36,12,26,31,17,25,26,4,13,8,14,2,36,24,11,27,33,29,6,12,3,29,35,10,19,9,36,0,35,28,15,19,33,36,13,10,2,23,19,12,
32,29,26,26,19,12,35,13,7,6,25,11,14,15,7,25,14,13,31,16,16,35,9,2,28,5,16,7,28,36,10,5,28,34,14,27,1,31,20,3,27,10,5,11,13,36,8,28,9,6,2,6,13,16,33,23,17,32,7,15,21,34,34,23,36,18,32,20,7,6,32,23,15,9,16,20,10,32,34,4,17,33,31,4,11,31,21,0,13,15,9,1,10,26,14,3,27,23,18,24,
15,13,18,17,21,32,18,11,35,7,35,25,23,23,18,13,15,31,21,26,12,19,0,9,7,23,9,31,21,24,35,21,14,7,12,9,9,26,35,10,20,2,18,24,27,12,4,15,33,0,36,17,2,34,24,31,25,13,19,9,21,36,12,6,33,34,25,15,9,35,9,23,5,29,6,22,21,36,25,23,4,19,31,32,7,32,2,11,6,14,30,34,28,16,1,6,32,13,15,36,
33,3,22,35,1,26,13,31,7,36,11,31,21,24,14,13,12,13,8,0,15,27,22,11,1,33,16,1,20,7,8,23,24,1,23,28,1,33,24,6,35,27,23,13,15,34,19,16,26,4,29,25,31,4,36,16,35,32,9,34,3,20,16,0,15,19,35,1,36,13,19,20,19,26,28,1,1,0,25,3,20,9,32,10,15,36,12,33,5,27,22,2,12,30,34,14,19,25,7,2,
22,17,12,19,10,16,3,29,35,18,33,18,13,31,4,27,17,6,21,6,25,33,3,6,30,25,5,13,22,31,5,22,24,16,22,14,36,3,27,8,2,9,0,1,25,1,2,16,0,21,15,2,33,11,5,16,3,16,25,3,5,25,7,5,8,13,15,34,20,33,34,20,32,25,9,14,4,5,25,18,1,8,1,21,13,12,27,17,4,22,33,17,28,19,3,26,10,8,9,12,
8,13,29,29,12,22,2,4,9,4,7,24,18,17,32,30,4,26,7,20,6,26,28,29,11,36,31,19,22,12,30,9,35,2,14,7,21,0,0,9,13,15,7,6,0,16,29,14,5,35,12,9,32,11,4,24,18,28,33,6,28,35,14,10,1,16,33,32,5,13,10,11,33,30,31,5,6,36,13,26,7,25,33,8,12,14,1,30,31,28,23,1,19,5,10,17,30,4,11,28,
16,1,1,19,20,25,23,31,3,14,18,2,24,21,6,9,29,29,18,28,18,17,36,32,15,32,18,16,2,1,33,28,9,33,10,8,12,17,36,23,34,34,13,11,33,12,31,17,14,9,12,4,24,16,17,20,21,16,29,9,6,18,19,8,28,14,33,21,3,14,20,30,1,4,12,14,26,36,5,1,3,8,10,22,8,12,14,13,31,4,31,1,27,22,24,19,22,24,35,20,
3,15,14,35,3,23,18,27,3,13,8,32,3,11,21,0,13,28,7,10,2,34,29,17,23,34,2,2,13,34,8,4,1,19,17,10,18,8,8,1,8,0,30,24,9,31,18,20,30,32,8,18,24,33,33,27,33,14,15,17,5,10,34,24,7,3,28,18,7,35,34,9,24,1,5,7,33,24,10,18,2,27,24,16,22,13,20,25,9,17,15,32,18,22,33,29,33,25,36,28,
22,29,9,34,32,20,34,0,32,5,12,35,32,14,25,29,10,19,18,7,24,19,1,29,21,23,27,5,5,0,6,30,29,9,15,26,1,5,34,35,28,22,22,36,7,28,2,30,2,18,11,29,7,19,34,29,21,20,15,26,19,3,5,24,0,19,29,0,35,24,17,18,15,28,12,31,4,4,21,3,26,10,3,22,6,34,11,35,9,24,3,8,16,30,10,3,9,21,29,5,
11,7,14,31,29,23,31,25,9,21,10,7,11,8,21,16,20,31,33,2,35,8,4,35,23,20,26,31,16,27,33,20,6,18,3,20,34,21,29,11,9,3,17,0,11,23,7,8,16,17,8,13,26,26,9,18,23,9,19,27,16,18,4,11,27,12,3,11,8,21,19,9,22,13,5,34,33,22,22,22,4,25,1,20,26,8,15,5,33,20,16,5,23,14,20,32,11,14,15,0,
35,29,31,4,27,12,34,19,21,7,18,33,0,36,8,29,28,10,9,8,32,11,20,30,21,11,4,4,22,11,25,3,3,17,30,6,10,26,24,17,36,30,16,5,7,24,24,11,16,20,9,34,18,10,15,30,1,1,32,25,5,33,5,33,8,31,0,7,23,31,35,18,36,28,8,22,32,6,21,35,1,8,4,3,31,5,14,28,2,34,8,11,3,25,3,27,36,24,29,17,
27,27,12,34,0,8,10,10,14,32,36,5,2,15,6,20,1,24,7,8,22,0,20,29,7,28,19,28,15,19,6,7,7,19,5,6,24,11,15,34,6,30,18,2,31,28,10,19,17,7,28,24,4,3,3,32,36,27,34,8,33,32,22,2,21,36,15,23,19,17,29,6,10,36,13,1,18,17,28,13,8,14,9,8,21,13,0,20,14,2,20,8,1,36,5,1,33,14,1,27,
10,2,7,27,35,24,22,10,36,15,29,15,26,6,15,1,26,5,28,22,14,19,23,12,0,8,33,17,19,21,8,18,36,13,14,14,15,4,24,27,21,26,32,13,27,35,5,27,13,32,26,14,1,4,7,25,4,27,26,14,2,15,11,31,26,20,1,20,1,19,2,11,18,6,22,19,16,3,12,6,10,12,34,26,25,34,30,10,15,7,2,6,33,9,17,27,16,3,18,21,
29,1,17,11,28,20,30,25,35,23,32,13,3,6,15,11,17,21,30,21,36,30,5,9,22,28,5,5,35,19,4,4,27,12,35,36,16,15,29,1,36,9,2,28,17,24,11,7,4,23,22,8,34,27,16,9,27,8,14,13,16,4,27,29,36,3,16,24,34,31,30,9,28,21,3,29,22,25,20,19,31,17,12,4,4,21,9,14,35,23,19,28,31,5,17,0,25,3,19,24,
25,36,35,5,7,16,34,16,36,35,29,20,26,9,29,29,31,9,26,34,11,16,5,22,29,8,17,6,21,7,18,0,4,36,6,6,12,30,15,15,7,24,15,33,36,7,19,30,32,35,31,2,27,13,13,0,27,34,13,3,18,35,17,31,26,8,17,19,0,27,16,9,12,36,33,6,0,9,9,25,29,23,2,0,0,16,4,19,8,23,26,18,9,1,4,19,15,29,20,10,
31,13,26,31,11,10,17,19,3,23,14,31,12,14,32,11,22,18,0,24,18,27,22,2,27,11,7,26,12,1,23,33,13,25,15,7,23,11,32,33,30,3,3,1,15,13,22,17,6,20,4,23,12,35,28,19,13,34,26,29,21,24,12,29,14,3,15,14,14,24,22,6,20,1,10,28,35,30,29,25,35,29,11,24,4,34,27,1,21,26,5,21,19,29,5,19,32,12,15,30,
13,19,4,25,3,5,2,5,10,15,18,0,28,25,24,7,8,8,11,28,30,33,31,10,0,20,30,26,24,32,26,25,22,29,19,36,28,6,13,34,18,29,33,23,30,8,2,22,20,10,11,35,21,34,36,20,7,20,10,28,27,7,32,25,4,6,14,33,21,31,27,31,17,15,12,20,8,23,12,36,14,35,23,32,30,28,16,0,12,1,19,15,26,24,33,4,28,27,31,29,
30,12,25,3,25,19,16,7,18,2,8,11,17,2,11,11,19,3,2,33,36,35,4,24,14,11,19,34,18,27,1,2,26,22,31,6,21,21,16,28,10,32,0,26,15,7,4,6,23,5,7,0,13,13,19,5,30,12,26,15,33,19,21,32,14,13,27,33,3,28,1,13,17,30,5,9,5,1,10,16,5,19,18,28,1,8,36,13,14,10,21,28,29,30,17,9,10,33,20,27,
13,29,3,23,20,28,6,20,32,19,13,8,17,16,29,30,27,12,23,21,9,34,16,7,9,8,8,11,16,23,15,14,30,0,35,24,4,15,35,5,3,22,24,8,36,36,20,21,26,14,22,25,2,9,3,2,28,0,8,26,13,13,25,16,18,24,30,35,23,18,3,25,35,2,17,14,2,34,7,4,30,20,28,15,34,21,14,16,31,0,8,20,0,7,21,22,14,16,12,29,
19,2,26,21,32,24,2,24,2,19,35,20,18,3,13,27,18,3,3,30,19,0,13,10,36,24,3,31,17,16,23,31,19,4,10,31,13,19,15,10,26,28,32,5,14,11,6,26,15,20,0,3,17,4,4,1,2,27,5,2,16,0,16,36,8,16,33,12,0,27,22,5,27,24,2,12,24,28,26,12,3,8,3,28,5,23,27,3,34,24,33,29,10,7,16,13,27,23,23,32,
1,10,8,14,30,0,7,11,14,24,29,25,18,8,10,19,11,35,30,25,6,19,17,11,19,13,2,26,0,21,15,3,23,2,4,10,20,9,10,17,5,21,13,20,18,30,5,31,24,33,8,34,19,15,28,34,9,29,8,35,32,34,27,5,36,13,13,18,32,24,23,24,34,15,16,0,4,10,0,3,29,4,2,10,13,23,22,17,33,36,26,1,27,0,3,33,10,17,17,11,
29,26,7,34,10,21,21,13,13,27,10,26,21,35,4,31,17,8,5,6,29,30,12,0,15,32,7,9,0,18,33,12,2,27,1,17,27,11,5,16,1,19,0,26,15,13,17,10,34,29,19,25,13,7,32,11,2,27,32,26,25,20,29,19,18,32,0,25,19,20,15,0,1,21,26,13,36,6,10,26,18,21,25,13,7,29,28,14,22,15,32,13,20,4,33,1,6,8,35,28,
10,29,14,15,26,3,16,11,13,24,35,3,3,21,19,30,33,6,15,21,7,11,5,33,24,23,31,36,5,5,26,6,13,9,6,23,18,25,4,22,0,7,18,25,12,11,12,25,16,3,18,0,6,15,7,35,13,15,23,25,11,4,33,29,8,11,17,15,36,14,2,14,17,12,0,28,32,11,14,28,22,0,26,6,31,28,34,29,25,28,10,34,17,17,15,32,0,9,15,29,
36,11,35,19,31,35,26,28,11,18,29,8,32,35,25,10,3,34,16,5,14,14,32,31,26,21,22,23,18,6,23,25,35,6,23,23,35,32,33,16,33,4,26,7,14,24,2,9,28,30,10,10,32,32,29,14,4,12,20,30,7,4,18,36,30,16,26,7,14,22,14,14,7,22,24,20,5,24,0,26,16,36,34,14,21,30,6,2,18,28,14,26,31,23,21,23,27,17,36,10,
3,9,1,32,4,2,8,35,27,2,31,12,24,26,17,7,23,25,23,24,22,33,11,6,35,12,24,6,12,36,10,0,1,29,25,30,2,18,30,6,32,11,35,15,3,30,17,31,20,13,7,18,17,0,12,9,29,35,19,15,5,29,18,29,6,23,8,2,20,0,36,22,22,7,34,26,2,14,11,35,17,28,25,29,36,35,28,24,17,15,15,12,13,28,1,13,21,14,32,32,
34,13,23,4,16,5,1,22,18,30,18,2,14,21,35,12,33,32,21,33,11,13,20,15,23,0,8,14,3,26,33,25,9,28,27,1,1,35,31,7,32,14,16,4,30,22,30,10,27,36,9,9,24,31,31,35,12,18,11,3,31,27,16,8,24,33,9,17,31,14,6,7,20,20,14,16,21,33,0,14,11,36,26,9,23,7,0,33,35,18,12,15,11,18,19,24,30,6,6,33,
4,13,5,17,13,2,22,30,31,22,9,13,12,6,22,18,9,9,30,23,31,32,22,1,19,23,20,5,25,10,35,32,13,10,29,10,13,30,30,28,20,25,34,21,9,10,32,13,0,28,23,14,0,1,8,2,19,18,27,23,16,35,6,7,22,19,22,23,32,15,34,11,1,5,25,30,11,14,16,10,11,8,8,18,17,22,33,22,0,12,6,33,29,3,13,3,16,9,14,27,
33,23,35,26,26,12,17,20,1,35,9,6,19,22,31,10,21,36,35,30,16,26,26,24,16,34,6,30,30,20,21,33,21,9,7,23,9,21,25,10,29,13,17,4,4,23,16,31,24,15,30,7,3,19,17,12,33,20,27,17,16,27,20,22,35,11,27,16,36,6,29,5,23,18,4,9,34,9,7,15,3,7,15,36,24,24,14,20,11,31,12,1,12,31,11,33,8,8,4,34,
11,11,34,32,15,22,26,34,36,12,14,24,14,3,3,34,30,18,1,14,32,14,8,22,15,17,13,30,30,20,8,2,28,23,33,32,11,23,13,6,10,19,15,18,21,3,24,9,12,11,30,18,8,25,33,0,30,32,0,13,2,27,23,6,32,27,18,25,4,15,33,13,36,17,0,1,36,17,26,34,6,2,7,24,9,33,9,25,32,9,24,20,1,10,32,8,23,6,30,21,
19,19,20,3,30,12,32,27,5,29,6,5,0,12,15,20,1,15,17,17,31,13,16,23,18,3,8,20,4,15,4,15,31,1,22,16,27,14,15,32,34,21,7,2,35,24,10,31,4,2,25,6,21,7,11,31,10,34,26,22,6,13,30,31,24,27,14,9,28,35,28,9,1,34,6,26,17,35,8,11,35,8,10,0,22,8,35,5,32,17,5,5,23,34,20,26,11,19,22,1,
8,23,7,9,23,19,0,12,21,12,31,15,27,17,6,12,12,21,18,7,4,9,26,17,24,33,31,23,29,5,30,22,2,28,17,29,10,32,31,31,14,1,8,6,11,14,17,31,25,25,33,35,12,0,24,9,7,3,27,34,33,34,8,17,20,1,28,2,6,25,25,20,26,27,2,0,17,16,14,25,28,1,1,35,25,16,4,6,35,24,27,27,20,5,19,6,5,20,26,2,
18,24,25,1,5,3,21,5,16,17,12,7,33,10,29,13,20,30,17,6,16,31,5,17,14,9,16,35,24,29,21,21,5,20,8,24,7,11,35,2,20,36,12,19,1,18,20,34,21,8,23,26,9,25,17,13,28,22,0,27,26,12,35,14,24,4,27,27,26,12,34,8,12,7,24,32,3,30,28,13,19,33,31,18,27,12,3,15,25,16,15,9,10,13,15,29,14,33,11,18,
27,3,22,9,26,32,25,21,29,7,34,33,24,29,24,9,29,10,15,21,12,32,36,13,23,22,23,7,33,28,33,35,12,29,25,35,19,23,1,31,29,18,25,6,11,14,0,31,35,0,34,1,22,18,17,0,18,22,25,6,28,31,21,6,30,34,22,3,6,22,35,14,29,29,13,7,25,31,27,25,28,34,28,35,1,32,21,30,18,3,18,21,12,34,6,28,10,5,12,35,
29,3,36,24,5,33,19,29,33,14,12,9,9,18,15,11,29,19,24,18,27,28,26,2,0,27,36,23,10,18,5,18,11,22,30,36,24,11,33,4,9,26,27,3,34,18,24,1,8,2,27,5,25,2,27,28,26,29,36,33,27,34,24,17,1,7,15,4,22,3,23,19,32,4,26,27,29,29,33,16,11,22,30,36,14,20,0,9,16,10,36,8,9,6,14,6,15,0,16,8,
32,10,19,22,16,11,4,11,22,4,20,32,24,18,14,10,31,6,17,26,13,13,15,7,19,18,3,33,35,36,31,26,26,18,34,19,12,34,28,33,22,8,28,19,21,2,2,15,24,3,18,17,28,20,33,7,35,9,30,11,20,34,27,21,12,23,18,24,28,3,8,19,9,9,16,22,12,33,28,18,34,20,30,22,29,19,19,7,30,2,33,12,33,30,22,4,35,2,14,12,
20,9,6,12,13,15,18,29,0,9,32,29,13,2,34,36,31,1,3,8,12,31,14,36,10,12,22,17,7,31,25,36,27,10,23,27,14,29,8,31,5,23,26,34,29,31,15,15,25,5,24,24,4,25,20,0,21,21,8,31,17,11,3,13,30,29,32,9,2,18,4,17,35,28,17,29,25,22,0,4,19,24,14,0,36,2,32,30,17,5,8,30,29,33,28,12,32,28,10,8,
9,1,32,15,26,27,35,6,4,10,16,15,18,35,23,0,29,15,36,35,34,17,24,27,31,8,22,17,9,14,18,0,35,34,17,2,12,15,3,10,35,16,29,25,12,29,9,25,30,32,5,14,1,9,14,24,7,12,21,10,10,4,35,9,26,24,29,28,9,2,10,28,4,22,2,24,11,26,5,0,1,7,30,18,32,11,22,13,32,14,12,17,17,3,18,22,7,25,12,0,
19,9,10,31,15,34,34,25,13,11,3,18,36,7,18,31,31,20,28,23,5,12,12,19,21,25,14,17,36,32,4,16,8,4,1,27,10,7,27,22,22,6,32,9,21,36,28,25,2,11,27,29,17,2,26,24,17,11,18,7,26,7,35,8,2,21,4,12,1,35,33,24,35,23,20,6,17,36,29,12,10,34,5,19,30,24,35,23,22,22,25,15,14,15,34,28,8,7,6,4,
8,0,13,23,2,5,0,20,16,27,29,36,25,13,1,33,8,2,16,14,13,25,20,25,35,16,4,20,19,0,22,12,11,4,15,13,20,25,30,23,3,9,33,26,9,13,27,26,19,28,13,13,7,30,16,8,6,18,20,9,26,20,25,17,18,29,24,16,13,19,10,26,30,16,14,25,8,29,0,0,14,35,34,20,8,7,17,6,25,34,18,10,6,17,29,30,35,24,18,8,
17,2,30,12,2,36,32,31,30,35,17,32,21,28,26,13,1,4,7,34,11,34,32,8,26,3,32,17,8,31,15,31,31,9,15,30,27,7,0,18,10,23,2,16,19,34,15,4,28,9,2,23,25,28,0,32,30,11,8,19,30,21,0,32,22,33,22,35,34,13,11,13,2,33,8,11,2,18,24,21,14,8,22,7,5,4,23,9,30,28,19,15,3,10,29,36,16,17,13,36,
34,7,7,36,12,19,25,36,15,35,11,26,8,20,15,9,25,25,0,7,24,9,2,23,18,22,26,28,12,1,20,31,11,22,18,2,28,19,6,25,21,20,27,32,30,24,27,26,15,4,21,28,26,13,11,24,33,35,20,4,15,17,18,25,20,27,33,10,18,30,30,15,25,29,20,3,36,11,5,4,1,1,20,11,34,15,20,6,10,7,26,20,7,36,26,21,23,5,33,15,
12,14,3,12,0,12,19,21,4,0,15,28,30,21,34,18,5,22,0,13,20,19,14,0,2,27,1,18,0,12,30,16,12,18,0,5,26,35,27,25,23,4,30,23,19,32,27,31,28,15,3,25,29,25,24,27,28,35,0,18,35,19,8,8,17,8,17,1,14,0,0,32,34,26,16,31,32,35,19,6,22,9,29,28,24,16,7,19,20,36,10,14,28,24,21,3,23,11,32,23,
13,30,20,4,14,4,0,6,3,34,1,23,0,13,24,21,34,7,0,6,10,33,22,8,27,22,33,0,35,2,0,12,22,24,31,17,25,12,30,1,26,12,6,30,6,0,20,33,18,0,14,5,28,6,30,17,36,25,3,30,7,29,8,33,26,22,33,30,9,35,30,18,26,26,14,6,32,31,3,32,17,27,13,22,22,22,5,6,25,15,6,24,19,7,28,6,7,5,21,3,
8,12,7,24,31,21,33,19,8,24,2,2,23,16,3,18,35,21,31,15,18,20,31,32,21,9,15,7,35,16,12,16,16,30,35,11,6,17,25,5,31,3,10,19,0,7,27,4,33,21,0,4,13,10,19,34,20,7,16,17,6,12,1,36,27,14,36,28,36,12,8,28,9,0,16,12,29,32,18,30,24,29,20,36,15,28,6,23,33,31,23,16,4,12,9,17,17,18,5,33,
28,9,34,1,15,30,19,5,21,16,30,31,16,8,24,27,7,32,32,31,32,1,28,17,26,36,19,18,14,5,29,24,25,4,17,4,26,2,9,5,22,13,3,23,11,28,8,23,3,5,14,3,24,20,5,27,29,11,7,26,25,12,14,18,4,36,22,21,32,15,30,12,21,9,10,10,14,30,30,4,2,5,35,19,20,0,23,20,2,29,5,20,9,17,20,15,13,9,1,22,
23,31,33,28,15,34,0,7,8,31,24,34,25,31,14,13,16,10,22,34,36,12,4,32,9,13,5,35,35,15,30,11,3,34,0,14,18,16,35,0,21,18,34,9,7,17,17,13,24,32,17,16,7,20,1,8,35,11,32,19,31,33,24,15,23,22,33,32,1,23,9,35,8,28,14,7,4,15,20,15,29,31,10,5,32,14,26,0,27,12,29,5,36,7,27,5,8,0,11,28,
25,29,12,4,9,14,7,22,32,22,16,29,3,27,20,0,25,35,27,9,19,32,14,7,9,8,26,11,18,28,2,1,20,21,36,9,17,26,36,36,29,31,13,11,32,36,16,12,23,20,23,6,4,23,26,22,18,34,30,30,22,5,10,21,6,8,22,26,36,20,3,26,11,27,18,29,11,10,6,25,16,33,13,20,7,20,33,5,31,9,17,7,0,36,34,11,2,34,29,25,
9,14,11,22,15,21,17,35,13,18,21,28,3,34,30,30,11,14,28,2,11,5,36,19,20,16,16,6,12,24,4,21,8,0,18,21,12,21,6,11,4,22,1,35,18,11,34,29,6,0,29,35,23,0,17,23,31,7,34,26,19,35,3,29,28,0,30,25,23,17,0,20,6,3,22,21,24,27,27,16,6,19,13,31,15,13,3,14,34,31,9,24,31,8,20,21,12,32,0,11,
8,8,3,34,18,14,15,36,30,6,27,34,12,6,7,23,12,22,22,15,6,21,26,30,17,2,7,14,34,9,32,24,0,36,35,4,10,23,11,11,1,14,26,1,6,28,36,21,32,6,1,35,8,3,22,14,12,3,10,8,8,10,9,21,17,14,13,9,12,30,23,2,0,28,17,23,5,11,13,8,2,1,23,0,22,25,16,7,32,29,28,12,2,16,36,13,25,2,14,3,
16,36,18,16,0,16,5,24,5,25,7,21,20,5,5,29,4,27,0,20,9,26,20,9,3,16,7,7,21,12,30,23,7,27,3,8,7,17,21,36,12,36,33,10,3,17,11,9,32,13,0,0,28,34,1,32,27,19,1,19,8,10,25,28,36,5,11,32,7,22,33,35,6,24,7,16,33,0,17,1,11,8,30,26,19,26,33,3,13,28,12,26,28,33,9,16,7,22,26,25,
28,33,20,31,27,8,3,12,27,6,26,23,23,32,16,21,9,17,4,10,23,0,26,8,10,27,34,30,25,9,21,20,33,33,16,26,10,1,34,21,27,19,34,30,13,34,26,9,19,35,10,16,11,25,0,26,34,20,28,31,24,17,9,17,3,34,9,18,1,15,2,20,36,19,18,4,9,33,0,29,3,24,6,10,4,4,24,21,20,10,1,35,16,23,34,33,30,22,8,11,
9,36,13,29,36,25,29,33,14,1,28,0,23,21,17,28,35,34,26,24,8,14,1,7,35,5,16,30,13,26,2,4,20,12,8,6,17,0,10,15,22,19,25,27,21,1,32,27,10,29,28,7,15,11,7,14,2,28,12,16,31,9,36,15,15,28,30,26,20,21,27,7,36,31,30,26,8,0,12,33,29,14,13,6,35,7,19,24,12,3,13,32,16,26,10,14,2,13,17,4,
1,14,27,25,30,14,9,9,10,17,21,1,17,24,20,25,28,36,3,9,3,15,2,9,33,26,33,10,16,18,13,12,0,21,12,7,29,19,28,22,11,3,36,16,21,7,22,26,12,20,33,21,22,23,26,2,17,27,13,33,20,9,16,15,25,23,2,36,5,21,29,12,31,7,20,24,9,4,11,5,30,9,4,12,22,22,10,21,24,10,36,18,0,15,29,24,17,8,6,24,
17,12,30,34,13,34,8,15,3,30,1,0,8,25,7,7,0,26,2,27,29,0,7,29,34,14,32,32,11,34,5,30,20,25,28,29,29,28,15,29,3,14,19,32,31,25,27,17,34,23,4,8,12,20,12,14,29,26,10,3,9,15,11,36,15,20,29,15,4,4,29,27,34,35,19,25,0,23,5,4,33,9,8,24,27,3,15,9,35,23,28,16,15,28,34,25,27,35,14,27,
10,9,10,28,8,17,1,25,36,29,28,3,16,4,1,8,17,22,15,22,2,29,12,4,30,9,12,33,18,21,15,32,11,22,18,30,13,25,17,26,10,9,14,29,25,32,14,18,10,2,23,0,34,19,28,32,36,36,20,23,27,7,33,2,30,3,4,21,12,9,13,22,1,30,23,30,16,3,2,14,27,36,12,23,20,1,10,23,14,8,31,31,32,32,20,28,20,31,27,34,
36,15,4,36,26,10,33,2,15,7,19,17,35,13,27,33,16,6,17,9,10,26,30,24,29,32,32,3,9,8,34,20,14,19,1,9,6,33,21,33,27,33,5,23,24,24,4,11,6,2,18,25,30,8,22,22,28,5,17,21,34,30,20,35,21,2,29,30,27,9,6,28,25,24,20,27,19,2,8,16,7,13,21,15,16,19,13,15,3,1,17,36,8,3,7,25,15,34,30,21,
29,2,3,31,24,14,12,28,19,6,36,14,33,22,23,33,14,16,34,29,12,5,10,20,0,35,3,28,31,31,10,21,15,23,16,6,15,24,30,1,32,25,15,9,32,23,10,22,19,12,33,24,21,18,25,12,11,27,1,12,11,4,36,5,11,8,4,31,23,29,8,30,36,21,26,1,18,23,36,36,19,21,29,15,9,35,0,0,17,11,27,28,11,19,34,0,4,31,5,22,
20,20,4,5,26,12,27,26,27,5,18,34,3,21,22,28,26,30,25,26,19,24,16,25,20,25,23,32,31,10,10,16,3,31,36,27,34,19,26,16,8,13,24,11,23,28,13,14,24,30,36,5,32,17,20,19,34,12,4,0,17,10,36,32,36,28,6,17,13,25,2,13,19,31,7,34,1,3,12,10,10,8,2,4,7,3,28,8,1,9,34,16,3,3,11,34,9,31,34,29,
14,11,22,8,28,10,0,18,31,22,2,0,34,11,5,8,21,25,14,6,34,2,16,36,35,10,14,32,4,24,32,20,20,4,36,21,10,19,23,3,16,11,34,16,3,31,5,24,31,28,29,14,33,19,16,32,2,21,3,33,30,20,21,4,1,29,9,2,33,4,30,28,30,9,34,21,14,9,10,16,13,30,10,2,26,36,36,15,30,9,26,5,34,26,17,21,10,21,35,36,
0,27,22,13,10,2,19,28,34,20,7,32,30,7,4,2,4,6,14,1,34,23,8,33,30,13,36,13,7,20,4,6,12,1,19,25,20,15,34,35,2,32,9,8,13,15,26,6,17,2,24,18,28,25,20,10,18,17,34,35,14,28,29,0,19,31,32,27,6,33,25,17,4,3,32,19,4,19,13,1,20,4,34,9,25,9,4,30,14,10,4,2,22,32,22,31,15,16,22,20,
2,12,7,33,22,26,15,32,26,29,32,27,0,29,15,17,30,3,33,22,32,23,9,29,21,1,29,18,8,6,8,28,11,33,33,4,18,2,8,30,8,24,22,20,18,10,15,26,1,20,11,17,19,34,2,10,1,29,10,2,2,9,33,35,10,34,12,31,34,25,29,1,14,35,33,28,22,13,23,14,2,7,24,21,36,0,25,16,0,21,4,3,32,33,36,36,1,27,27,3,
2,1,11,8,31,9,18,36,22,30,26,3,3,30,28,5,33,23,10,3,10,3,5,32,14,26,26,15,29,26,25,9,4,8,14,11,36,25,11,19,27,25,8,16,14,28,27,16,7,24,36,4,8,10,35,34,15,7,4,22,30,29,4,3,30,17,5,31,25,27,21,6,22,3,18,0,9,15,6,4,21,13,35,4,29,12,35,1,18,22,9,26,21,34,21,9,1,6,15,26,
19,21,3,2,31,10,3,22,12,32,14,25,9,30,29,9,30,34,34,3,24,4,22,0,33,5,24,28,21,30,9,0,8,13,24,1,3,24,15,25,34,0,5,7,34,31,7,5,19,34,19,20,14,5,30,21,30,18,26,3,12,30,26,8,8,2,3,31,4,18,13,5,31,26,17,18,0,36,30,9,10,3,11,2,5,30,24,6,5,21,33,5,24,22,31,26,22,10,0,4,
11,14,20,11,9,15,24,9,8,24,15,16,24,6,33,6,24,2,6,7,27,2,12,26,0,2,33,11,8,17,10,6,11,16,21,4,1,29,28,19,7,33,8,28,27,8,11,16,34,16,5,10,27,23,22,7,27,9,0,10,6,17,22,6,35,14,21,26,2,28,6,25,22,1,20,19,18,7,27,30,8,25,28,26,10,2,20,11,12,10,26,19,15,0,3,26,17,1,2,36,
0,30,11,6,8,25,27,18,29,26,13,9,12,6,23,12,5,24,3,15,23,15,5,31,20,31,19,18,34,4,1,29,15,17,35,1,25,4,10,21,5,4,20,14,7,32,35,26,0,28,23,29,21,18,8,33,7,29,19,7,30,1,8,1,23,34,17,9,36,28,6,18,8,32,13,26,25,13,34,17,24,29,14,10,0,26,6,30,8,9,5,26,4,13,26,5,22,9,15,20,
19,34,18,35,10,36,2,35,24,6,16,32,27,7,9,11,29,12,9,23,14,34,24,25,14,2,28,35,10,17,17,18,19,34,17,30,32,35,3,21,7,15,4,26,14,0,24,31,9,36,29,18,12,22,18,4,8,12,31,18,29,7,14,22,9,11,15,29,0,29,10,21,12,24,15,15,17,12,32,34,23,0,17,18,27,18,26,12,35,22,0,15,22,9,19,1,36,14,6,2,
12,10,10,26,25,35,2,14,31,9,15,7,7,6,30,20,21,24,15,10,18,24,14,12,33,29,12,9,33,2,31,18,24,22,3,24,21,7,32,23,1,36,32,35,3,18,33,18,35,23,20,30,24,6,4,21,15,17,7,1,11,29,20,30,27,5,3,26,12,27,20,23,35,9,28,3,34,18,15,23,32,14,36,21,18,14,12,10,10,35,23,30,7,35,23,9,14,19,8,20,
33,10,36,17,1,33,33,23,9,17,34,9,15,18,27,31,35,6,18,20,12,26,22,6,35,10,0,9,23,34,11,13,19,30,22,2,23,28,27,12,20,10,14,27,6,25,24,27,34,2,0,31,20,0,0,17,12,26,30,22,8,26,28,2,35,6,6,36,17,29,8,21,7,10,32,22,32,14,0,27,9,36,36,36,26,4,26,2,29,16,11,24,22,4,20,3,22,16,27,4,
23,18,22,17,36,9,20,36,9,25,25,12,14,27,12,29,15,30,21,19,29,3,34,35,24,17,11,0,8,34,24,34,21,15,32,12,23,3,0,7,11,23,15,35,29,3,4,23,9,7,27,1,30,15,29,36,7,11,27,26,23,5,11,27,15,5,2,9,26,11,29,32,20,20,12,11,6,0,3,26,13,25,12,9,2,33,9,5,16,7,11,26,30,12,20,12,22,16,1,36,
27,33,2,34,27,28,25,22,13,0,17,31,36,4,9,14,34,34,29,9,25,9,6,27,8,30,28,31,28,18,20,4,21,25,23,2,29,23,2,20,1,1,6,19,19,19,12,10,15,0,6,32,17,18,11,20,10,3,4,32,25,25,12,18,1,19,11,17,34,20,18,0,5,11,34,2,29,20,22,5,29,10,30,9,28,34,35,2,10,25,33,31,26,13,23,29,24,1,10,26,
35,19,1,15,36,21,36,4,14,29,36,4,27,14,16,12,18,7,9,20,11,25,9,21,16,0,36,17,0,22,36,33,5,31,24,5,14,25,33,16,17,27,2,15,18,14,33,1,13,17,7,14,28,10,5,8,11,23,3,31,31,12,2,4,34,0,7,9,2,3,22,29,24,20,11,23,12,6,15,28,31,12,29,28,23,21,20,9,33,14,7,19,35,26,20,5,4,32,22,12,